Joao 001 7.5 8.5 5.6 7.20
Maria 002 10.0 9.5 7.5 9.00
Kleber 003 6.5 9.5 4.5 6.83
Juliana 004 4.5 3.2 5.6 4.43
Gabriel 005 6.5 8.5 9.6 8.20
Fernanda 006 9.5 7.8 10.0 9.10
William 007 9.5 8.5 8.5 8.83
Edward 008 9.3 7.4 7.7 8.13
Chere 009 1.5 8.4 9.9 6.60
Vickie 0010 9.0 8.3 9.9 9.07
Chong 0011 8.2 9.4 9.7 9.10
Leanne 0012 4.9 5.3 8.6 6.27
Rosio 0013 4.1 4.9 6.4 5.13
Nellie 0014 9.4 7.0 5.9 7.43
Dorinda 0015 6.3 4.9 8.3 6.50
Magdalena 0016 2.3 5.3 6.8 4.81
Altagracia 0017 0.4 6.5 8.3 5.07
Lesli 0018 7.3 8.8 9.4 8.50
Fae 0019 8.1 8.3 8.4 8.27
Dionne 0020 8.1 6.4 6.7 7.07
Cecile 0021 8.6 8.8 6.8 8.07
Lucila 0022 8.1 7.7 9.2 8.33
Dagmar 0023 2.3 4.3 5.8 4.13
Theodore 0024 9.7 9.9 6.3 8.63
Cheri 0025 7.3 8.6 8.2 8.03
Israel 0026 1.3 8.6 9.5 6.47
Genie 0027 6.9 8.9 5.8 7.20
Carmelina 0028 6.8 9.4 9.9 8.70
Kareen 0029 5.9 9.9 8.0 7.93
Odette 0030 5.7 7.4 5.9 6.33
Ciara 0031 3.9 6.6 5.6 5.37
Mariano 0032 4.7 4.5 5.9 5.03
Laurine 0033 1.9 9.5 5.3 5.57
Lindy 0034 6.5 4.5 8.5 6.50
Frida 0035 2.6 4.7 8.3 5.20
Andre 0036 6.3 9.3 8.2 7.93
Sol 0037 7.3 5.1 5.1 5.83
Aurelia 0038 6.2 5.3 5.3 5.60
Golden 0039 5.1 4.0 7.5 5.53
Charise 0040 3.1 7.4 6.4 5.63
Eleonore 0041 8.5 6.8 10.0 8.43
Teresa 0042 7.9 5.7 9.7 7.77
Valene 0043 4.3 6.5 6.1 5.63
Brittny 0044 2.6 9.2 6.0 5.93
Devorah 0045 0.8 7.1 6.3 4.73
Shemika 0046 9.8 7.0 9.9 8.90
Marina 0047 4.0 7.9 9.4 7.10
Neida 0048 6.1 9.9 5.7 7.23
Judi 0049 8.9 5.3 5.4 6.53
Delmar 0050 7.7 8.4 5.6 7.23
